Al 0.0 0.0 0.0 17.596663727190755 -83.54592156278257 37.555725387197846
Al 2.025e-10 2.025e-10 0.0 -205.56968317719839 68.30020440409055 -32.3046897673148
Al 2.025e-10 0.0 2.025e-10 -15.782478550259826 -254.93759398199978 133.24298505922363
Al 0.0 2.025e-10 2.025e-10 -191.57199420527846 232.57882763878035 105.51805842627714
Al 0.0 0.0 4.05e-10 100.05059547519313 5.220352400568867 7.4911025529780755
Al 2.025e-10 2.025e-10 4.05e-10 -30.004844883314835 -19.95124669512992 -178.0605400399797
Al 2.025e-10 0.0 6.075e-10 111.60666362782153 37.18820409585992 -101.88968959855707
Al 0.0 2.025e-10 6.075e-10 -126.29846681219226 -105.57058929450456 -134.32941112125354
Al 0.0 4.05e-10 0.0 210.76932100160832 -188.7853184856785 213.72030542517817
Al 2.025e-10 6.075e-10 0.0 -147.60265506583548 113.08359998497643 306.0962275323824
Al 2.025e-10 4.05e-10 2.025e-10 -261.01664897333023 -257.25617536857976 31.653066347498065
Al 0.0 6.075e-10 2.025e-10 118.81642823366832 -82.17737374615643 107.29720907861844
Al 0.0 4.05e-10 4.05e-10 -113.98504470549055 233.28930969292009 -52.13316340920788
Al 2.025e-10 6.075e-10 4.05e-10 40.3629354820033 151.33527913531316 155.28861766649618
Al 2.025e-10 4.05e-10 6.075e-10 84.6324621756086 -187.48028581525588 74.03755585672795
Al 0.0 6.075e-10 6.075e-10 -258.9197276441746 240.12351116322125 212.42225811256327
Al 4.05e-10 0.0 0.0 86.43388726601333 162.06112111653712 -191.23909530994618
Al 6.075e-10 2.025e-10 0.0 -188.38024106402537 -176.93171731067486 166.90350357601935
Al 6.075e-10 0.0 2.025e-10 264.36871028064655 -158.88314383448272 -160.37403964912681
Al 4.05e-10 2.025e-10 2.025e-10 -58.16274500428753 42.57463196323382 413.12907150571505
Al 4.05e-10 0.0 4.05e-10 93.67481223957046 -102.05771031133757 252.98958695692036
Al 6.075e-10 2.025e-10 4.05e-10 62.38122685745616 70.56218547713844 -58.37174541711093
Al 6.075e-10 0.0 6.075e-10 105.04681787895012 165.86883475419816 -83.51646969379244
Al 4.05e-10 2.025e-10 6.075e-10 -26.30880207827054 146.94050208923844 162.55126455031382
Al 4.05e-10 4.05e-10 0.0 -53.522491840036736 -258.00457705733794 140.00156068559195
Al 6.075e-10 6.075e-10 0.0 11.163476743227063 -366.8302347712767 -64.71958226500652
Al 6.075e-10 4.05e-10 2.025e-10 56.80644970984464 -41.47324734051812 24.786705038822994
Al 4.05e-10 6.075e-10 2.025e-10 -337.06678063729373 172.47926522177087 -93.69006268774157
Al 4.05e-10 4.05e-10 4.05e-10 -199.5104949572466 248.18550303224757 -219.38763883798484
Al 6.075e-10 6.075e-10 4.05e-10 -207.25197628983832 -95.7620300181626 -251.20879039372494
Al 6.075e-10 4.05e-10 6.075e-10 31.829840000366318 -74.48276803598054 118.1055143650705
Al 4.05e-10 6.075e-10 6.075e-10 -201.8622274681287 -105.64949416145912 133.01238244832956
