Al 0.0 0.0 0.0 -128.13694103309916 105.54479421096761 124.64513668809245
Al 2.025e-10 2.025e-10 0.0 -83.63707895840437 -26.685756917538615 249.37346476689112
Al 2.025e-10 0.0 2.025e-10 78.4399890119697 -250.40074487190518 -86.31221431501163
Al 0.0 2.025e-10 2.025e-10 -280.92371973427004 255.3340896437151 142.44203283101027
Al 0.0 0.0 4.05e-10 84.10939618884987 -224.1142885707499 90.08693116598671
Al 2.025e-10 2.025e-10 4.05e-10 -120.41551950887624 -275.38704932595624 58.49274912056518
Al 2.025e-10 0.0 6.075e-10 152.5312919057903 -151.32404834778222 -66.01550921673149
Al 0.0 2.025e-10 6.075e-10 181.48537207313294 -38.86952837145453 66.48762199792915
Al 0.0 0.0 8.1e-10 137.83348358403316 180.4278551369592 79.06999828183226
Al 2.025e-10 2.025e-10 8.1e-10 96.0018746627558 128.12749643330235 -168.91201317491772
Al 2.025e-10 0.0 1.0125e-09 2.477362595999928 235.16510510223003 -140.90002629529317
Al 0.0 2.025e-10 1.0125e-09 215.85763511845138 13.791353247829253 11.161944681752393
Al 0.0 4.05e-10 0.0 33.666849696724285 -135.1163434787044 -160.61126923506424
Al 2.025e-10 6.075e-10 0.0 47.250294748387745 -142.36269887084583 41.10717410719751
Al 2.025e-10 4.05e-10 2.025e-10 200.3736854186814 324.9012204799143 -89.66196217508553
Al 0.0 6.075e-10 2.025e-10 111.4945040671248 -171.70610619004313 150.63967026363622
Al 0.0 4.05e-10 4.05e-10 83.44254910489514 217.39674340230061 17.643433376920925
Al 2.025e-10 6.075e-10 4.05e-10 71.61039514058321 -147.33818764903168 -12.974537671814087
Al 2.025e-10 4.05e-10 6.075e-10 113.0420276545675 64.95066897693928 -61.332043673342966
Al 0.0 6.075e-10 6.075e-10 -78.92534156254086 -184.6200558902835 181.2582713575717
Al 0.0 4.05e-10 8.1e-10 89.2839033151821 -123.86207101058265 259.0520620316498
Al 2.025e-10 6.075e-10 8.1e-10 16.662588883479792 146.13577657730823 26.07947543761254
Al 2.025e-10 4.05e-10 1.0125e-09 131.1919412350217 67.3446006110146 134.6913523511145
Al 0.0 6.075e-10 1.0125e-09 -76.74324223815401 -24.189975786293623 -52.706023256689924
Al 0.0 8.1e-10 0.0 96.63980306001349 -164.08042280494223 -95.55072176810468
Al 2.025e-10 1.0125e-09 0.0 294.1922663046936 392.07067556464415 -186.98188181561892
Al 2.025e-10 8.1e-10 2.025e-10 29.49116490496035 -14.079368213118888 216.7554960493346
Al 0.0 1.0125e-09 2.025e-10 70.85476384614165 -125.71501481731677 -304.7125868430192
Al 0.0 8.1e-10 4.05e-10 -184.88286673410494 -57.071623747387605 -184.86030957940366
Al 2.025e-10 1.0125e-09 4.05e-10 122.36956293406831 -47.26148789408474 -158.7978981888307
Al 2.025e-10 8.1e-10 6.075e-10 -94.75910773699357 94.56582276474995 20.58412968931714
Al 0.0 1.0125e-09 6.075e-10 104.93982276959015 83.92557310512726 -48.93501913418476
Al 0.0 8.1e-10 8.1e-10 292.24088619227507 -238.9206676740346 142.53634739868585
Al 2.025e-10 1.0125e-09 8.1e-10 22.240025725687424 -128.46521662022857 21.50467348911019
Al 2.025e-10 8.1e-10 1.0125e-09 106.75171988823442 -15.90320718917063 -4.243201238141948
Al 0.0 1.0125e-09 1.0125e-09 -11.518695797006908 -186.30058919039615 -20.996471335863706
Al 4.05e-10 0.0 0.0 180.1564810871787 212.25144370128112 -96.38672074516546
Al 6.075e-10 2.025e-10 0.0 -4.143616812315424 98.50220637204644 -100.26950005059638
Al 6.075e-10 0.0 2.025e-10 118.83004511029377 -52.91673198985474 91.16677068431922
Al 4.05e-10 2.025e-10 2.025e-10 -133.61261209321006 -136.37444164575075 25.21625257126747
Al 4.05e-10 0.0 4.05e-10 200.8214947501112 64.49311665774212 -60.595248514051015
Al 6.075e-10 2.025e-10 4.05e-10 103.72930000155091 37.909656583846896 12.909534591018094
Al 6.075e-10 0.0 6.075e-10 -94.9615119693314 90.91026942134054 0.16813143890896123
Al 4.05e-10 2.025e-10 6.075e-10 33.061228543892405 -120.84411899626296 210.34603045094462
Al 4.05e-10 0.0 8.1e-10 112.41288759879606 99.3977226755517 94.47776855921822
Al 6.075e-10 2.025e-10 8.1e-10 -140.18225216749363 70.15492589054728 -92.14123601689057
Al 6.075e-10 0.0 1.0125e-09 -183.55145657349343 -76.75798861594454 -78.65755712202672
Al 4.05e-10 2.025e-10 1.0125e-09 -155.08888288894093 162.7355349081841 62.322285506592046
Al 4.05e-10 4.05e-10 0.0 166.69861374513044 -205.29571448988526 -234.00111324636916
Al 6.075e-10 6.075e-10 0.0 193.69062620888334 76.97841944242465 -57.561457120280906
Al 6.075e-10 4.05e-10 2.025e-10 112.81564100217219 -184.3340052624574 27.006172505319153
Al 4.05e-10 6.075e-10 2.025e-10 -25.652619362214388 -110.86757934705098 34.463571276003755
Al 4.05e-10 4.05e-10 4.05e-10 26.89697073525629 -75.43969632519737 50.83579761520008
Al 6.075e-10 6.075e-10 4.05e-10 -59.178234464136544 -37.33596848858024 118.85645730138909
Al 6.075e-10 4.05e-10 6.075e-10 -384.2248642496957 26.003321659422383 -91.80018902803857
Al 4.05e-10 6.075e-10 6.075e-10 -20.549809211816406 -121.64262736265115 -192.45318234890982
Al 4.05e-10 4.05e-10 8.1e-10 -109.39754180742447 -130.6445933657168 -202.22400552922468
Al 6.075e-10 6.075e-10 8.1e-10 -47.99351332766042 159.76422962068335 -65.95052584242197
Al 6.075e-10 4.05e-10 1.0125e-09 -63.094756463120575 37.21853498888243 -239.62413073417588
Al 4.05e-10 6.075e-10 1.0125e-09 14.896655757106835 53.73944644468333 147.62613271242375
Al 4.05e-10 8.1e-10 0.0 324.9489879979694 185.45773949410702 -139.18175602266186
Al 6.075e-10 1.0125e-09 0.0 -29.357030978240033 -266.50765051690684 -55.080652305723845
Al 6.075e-10 8.1e-10 2.025e-10 -21.745209332138497 15.010606329765185 14.060864657180748
Al 4.05e-10 1.0125e-09 2.025e-10 156.41741688957268 -68.05954345125747 -47.56543963411488
Al 4.05e-10 8.1e-10 4.05e-10 165.9008205904014 70.59561156768555 -37.56909122431048
Al 6.075e-10 1.0125e-09 4.05e-10 -204.38375753264 131.68195908992723 167.66978531300742
Al 6.075e-10 8.1e-10 6.075e-10 101.35537031215344 348.9460004350624 -174.59721933274645
Al 4.05e-10 1.0125e-09 6.075e-10 -19.661401339753915 109.73278419331237 -34.15247583981737
Al 4.05e-10 8.1e-10 8.1e-10 251.265084072081 96.9100892577511 -101.42127153303915
Al 6.075e-10 1.0125e-09 8.1e-10 -35.69395694854281 -64.7898963156062 185.79217139040213
Al 6.075e-10 8.1e-10 1.0125e-09 -63.61691478518209 31.07863748311815 254.8325502503174
Al 4.05e-10 1.0125e-09 1.0125e-09 -102.98842187910651 163.0349935516437 -29.70822102630954
Al 8.1e-10 0.0 0.0 13.515783824961986 127.38712448405582 3.6733714429732776
Al 1.0125e-09 2.025e-10 0.0 -162.7147202347198 152.60841674839176 7.214578882352874
Al 1.0125e-09 0.0 2.025e-10 -17.009781981611248 -79.32477351305415 -3.9040128650934762
Al 8.1e-10 2.025e-10 2.025e-10 -0.5162136613996507 388.13958483570815 -89.9355919905151
Al 8.1e-10 0.0 4.05e-10 302.2000035295099 -7.001746561665804 181.95432578726817
Al 1.0125e-09 2.025e-10 4.05e-10 -0.6686761588203135 82.09063846926244 -269.9685768320888
Al 1.0125e-09 0.0 6.075e-10 -252.9951843787481 -7.374474630271496 170.37773988178986
Al 8.1e-10 2.025e-10 6.075e-10 49.68489868454484 -30.007123665292283 107.1018438724675
Al 8.1e-10 0.0 8.1e-10 -131.67697925213483 56.32196536445144 -56.66247682290743
Al 1.0125e-09 2.025e-10 8.1e-10 -207.800818518573 17.81818827653816 -16.616590895508512
Al 1.0125e-09 0.0 1.0125e-09 -273.6479190807006 -393.27445245832126 104.6292603581433
Al 8.1e-10 2.025e-10 1.0125e-09 236.6984183914984 1.490778363260236 15.63735207329943
Al 8.1e-10 4.05e-10 0.0 -5.060400520902925 -72.51302306828394 157.94514069354975
Al 1.0125e-09 6.075e-10 0.0 -9.989046133203827 -256.86905914649117 -86.43675450729397
Al 1.0125e-09 4.05e-10 2.025e-10 110.566880328575 -70.66307460423445 -208.6334736958161
Al 8.1e-10 6.075e-10 2.025e-10 -88.58907029684238 -63.320811711136706 54.2108382801258
Al 8.1e-10 4.05e-10 4.05e-10 83.25409553480308 -25.377455041782092 -64.55611998177298
Al 1.0125e-09 6.075e-10 4.05e-10 -202.03150627143464 44.324689562187395 -87.2853420145591
Al 1.0125e-09 4.05e-10 6.075e-10 69.99148512171955 -73.20600248568513 176.6139738385488
Al 8.1e-10 6.075e-10 6.075e-10 -5.803601956475993 13.527819475843966 -20.605894915499672
Al 8.1e-10 4.05e-10 8.1e-10 -64.24513589778377 49.80998737097858 -98.8901910075667
Al 1.0125e-09 6.075e-10 8.1e-10 167.11060470319745 -129.01416512995337 62.737005031112155
Al 1.0125e-09 4.05e-10 1.0125e-09 -136.5472482682886 3.970544665109958 35.12426506807694
Al 8.1e-10 6.075e-10 1.0125e-09 -147.76981027182123 382.3328597340886 -170.2972758687822
Al 8.1e-10 8.1e-10 0.0 23.40670451062159 43.355402729418024 -95.75407555218621
Al 1.0125e-09 1.0125e-09 0.0 -88.02934136078638 -48.06054865393413 257.2920052280479
Al 1.0125e-09 8.1e-10 2.025e-10 -72.52530308045995 172.77583794810596 230.6708403785276
Al 8.1e-10 1.0125e-09 2.025e-10 250.7693415511197 -8.150349019760847 -88.88157148757853
Al 8.1e-10 8.1e-10 4.05e-10 103.37627990270013 -61.17707644368812 -101.52880081577123
Al 1.0125e-09 1.0125e-09 4.05e-10 -326.5938673905326 -97.02607879429455 -44.17468541286032
Al 1.0125e-09 8.1e-10 6.075e-10 -21.160098113133714 -189.47414496815395 148.60598243998788
Al 8.1e-10 1.0125e-09 6.075e-10 -243.72333934230787 0.5131159322004472 80.68527440494753
Al 8.1e-10 8.1e-10 8.1e-10 -92.97332629338894 51.948130566932846 73.40799359901177
Al 1.0125e-09 1.0125e-09 8.1e-10 -49.75895907596156 67.77947601504046 -4.691442199180519
Al 1.0125e-09 8.1e-10 1.0125e-09 -201.2461601323942 -235.4016239496923 203.66120323390768
Al 8.1e-10 1.0125e-09 1.0125e-09 -94.77415778098985 93.95540202482461 -76.32510778922976
