Al 0.0 0.0 0.0 -102.60092801045921 23.0452307114807 18.360344532195462
Al 2.025e-10 2.025e-10 0.0 -236.66767224629993 -45.886244405409435 19.46191758699502
Al 2.025e-10 0.0 2.025e-10 65.56522289810003 -266.0528512196492 258.52075963855657
Al 0.0 2.025e-10 2.025e-10 4.761576796874328 384.26600372633715 -210.26250057525988
Al 0.0 0.0 4.05e-10 51.406548397815484 -240.80628756297062 -16.368017537793595
Al 2.025e-10 2.025e-10 4.05e-10 -113.0959356036104 -97.10757302411751 -247.54515870718058
Al 2.025e-10 0.0 6.075e-10 202.04589147238673 -209.23634950513946 -7.341814694522211
Al 0.0 2.025e-10 6.075e-10 -117.97506469799431 -147.50690417486584 -69.35600164749694
Al 0.0 4.05e-10 0.0 46.77409151114437 -205.98438776242725 -306.3564147298233
Al 2.025e-10 6.075e-10 0.0 -228.8567217098363 -145.6922256581003 -270.71896760959874
Al 2.025e-10 4.05e-10 2.025e-10 -262.55391671160083 190.99141538015667 -154.65017056599729
Al 0.0 6.075e-10 2.025e-10 131.67187621060344 42.22920090560407 -89.94418770959372
Al 0.0 4.05e-10 4.05e-10 -113.12166477636916 -167.9447149694512 -200.82603941765356
Al 2.025e-10 6.075e-10 4.05e-10 35.57661998926535 221.81419935667415 -439.31070548939215
Al 2.025e-10 4.05e-10 6.075e-10 -44.276702225705044 138.4917592236813 274.1278044082809
Al 0.0 6.075e-10 6.075e-10 50.53878543478431 115.79813403292265 -113.67062840801718
Al 4.05e-10 0.0 0.0 388.8084923661744 74.21870284787988 -169.29337817521238
Al 6.075e-10 2.025e-10 0.0 -72.0534182801949 -214.1066432875626 -32.430317128778185
Al 6.075e-10 0.0 2.025e-10 -342.77237671665233 172.77443442400374 16.827236890315337
Al 4.05e-10 2.025e-10 2.025e-10 455.64014127971916 -154.98196827095754 -498.37275538295484
Al 4.05e-10 0.0 4.05e-10 233.15048862489374 92.5728454423163 -176.48849018302377
Al 6.075e-10 2.025e-10 4.05e-10 -67.52436159452614 330.600207361571 192.69363470105455
Al 6.075e-10 0.0 6.075e-10 -150.75249058140272 204.48564891988923 376.08567903945095
Al 4.05e-10 2.025e-10 6.075e-10 46.79566391848392 -127.45745027145736 82.3679080634104
Al 4.05e-10 4.05e-10 0.0 -119.08982212988471 35.56549663250875 -93.8185607614174
Al 6.075e-10 6.075e-10 0.0 -33.52242669494433 220.534838267431 -207.7200590567638
Al 6.075e-10 4.05e-10 2.025e-10 -218.1193967799492 -171.1149026092374 193.6981523585414
Al 4.05e-10 6.075e-10 2.025e-10 -179.15367593168406 216.2519564390864 214.6810593689718
Al 4.05e-10 4.05e-10 4.05e-10 -112.96177742609973 -15.966843792871918 46.825595678523584
Al 6.075e-10 6.075e-10 4.05e-10 -5.7553865678198965 161.2241662115833 -215.35911693336104
Al 6.075e-10 4.05e-10 6.075e-10 -164.0087746969246 85.2423823596181 294.2852817705881
Al 4.05e-10 6.075e-10 6.075e-10 3.7040911009225774 120.82655662195361 -258.1295991154579
Al 8.1e-10 0.0 0.0 278.2761378275115 -110.99850519594638 -59.88855594267434
Al 1.0125e-09 2.025e-10 0.0 -138.85870286172167 -7.911401397677627 -151.41860611295297
Al 1.0125e-09 0.0 2.025e-10 -149.79622868049793 -431.09020254569134 301.72540549478464
Al 8.1e-10 2.025e-10 2.025e-10 -21.892805800476182 -84.23459061176897 -31.391985506528574
Al 8.1e-10 0.0 4.05e-10 -195.04789578465625 -63.64037258043692 -105.05758098392754
Al 1.0125e-09 2.025e-10 4.05e-10 101.54977461242495 34.75270312332721 2.644530029299386
Al 1.0125e-09 0.0 6.075e-10 107.00698050879095 229.70791463760656 187.70239799861702
Al 8.1e-10 2.025e-10 6.075e-10 50.62954088195523 278.1268225798464 -20.626420300204064
Al 8.1e-10 4.05e-10 0.0 -73.64204614403154 -54.82256932744465 135.2298920311344
Al 1.0125e-09 6.075e-10 0.0 -208.8727794198306 -139.4740263414814 227.30945664968226
Al 1.0125e-09 4.05e-10 2.025e-10 -76.79495751037527 13.793496691551214 28.114162216137355
Al 8.1e-10 6.075e-10 2.025e-10 13.331086813142733 52.41011334012398 -147.78715737523703
Al 8.1e-10 4.05e-10 4.05e-10 -209.23084276493515 64.18131080893035 -86.676267509806
Al 1.0125e-09 6.075e-10 4.05e-10 146.10622176275095 -284.0485857565701 12.011021266539183
Al 1.0125e-09 4.05e-10 6.075e-10 -182.458114442621 8.88905767976968 118.52620757675156
Al 8.1e-10 6.075e-10 6.075e-10 -49.09921617975657 281.70141896938304 -269.70463843176407
Al 1.215e-09 0.0 0.0 -45.139497447576595 146.16622730714582 101.27688414570228
Al 1.4175000000000001e-09 2.025e-10 0.0 -83.63547472605703 251.35412596559704 -24.301832414396618
Al 1.4175000000000001e-09 0.0 2.025e-10 -18.497720645756985 125.61945145549562 -41.7893347851188
Al 1.215e-09 2.025e-10 2.025e-10 295.3237715843251 -32.8737789069541 -23.659151642018006
Al 1.215e-09 0.0 4.05e-10 50.75658795684502 -40.374248121692844 -41.741666331979594
Al 1.4175000000000001e-09 2.025e-10 4.05e-10 -96.67940884060987 185.56481208829248 -82.63473458524103
Al 1.4175000000000001e-09 0.0 6.075e-10 -97.50589939342943 -23.48635408820608 -167.1299228348334
Al 1.215e-09 2.025e-10 6.075e-10 179.72112489508922 -152.1140776561088 -17.04396321260379
Al 1.215e-09 4.05e-10 0.0 -330.4049907264181 120.75560098202807 151.5749426540188
Al 1.4175000000000001e-09 6.075e-10 0.0 -72.54621432744891 23.71863655152599 28.886048054812317
Al 1.4175000000000001e-09 4.05e-10 2.025e-10 294.1999397338316 7.7762631582912025 159.21290114183097
Al 1.215e-09 6.075e-10 2.025e-10 -245.27270029070476 -147.59354959959202 -190.51311052274707
Al 1.215e-09 4.05e-10 4.05e-10 -138.2747698533962 -219.78502498823482 43.81992978140458
Al 1.4175000000000001e-09 6.075e-10 4.05e-10 -140.94657268040152 195.37301418907305 -34.53719532366
Al 1.4175000000000001e-09 4.05e-10 6.075e-10 228.7175461890347 191.36650487604993 187.8321537438015
Al 1.215e-09 6.075e-10 6.075e-10 46.32526235570565 -138.43728472914782 85.51142528284387
